ผลเอาต์พุตทีละบล็อกของระบบ CCSDS-inspired 4-PPM
========================================================================
หมายเหตุ: ideal case ใช้ count=100 ใน ON slot และ count=0 ใน OFF/guard slot
เพื่อพิสูจน์ความถูกต้องของ logic โดยแยกออกจากแบบจำลอง Poisson

CASE: ideal_HI
คำอธิบาย: Ideal deterministic channel, no noise
------------------------------------------------------------------------
ข้อความอินพุต                  : 'HI'
ASCII bytes                    : 0x48 0x49
bytes หลัง padding             : 0x48 0x49
มี padding                     : False
ASM hex                        : 0x1ACFFC1D
ASM bits                       : 00011010 11001111 11111100 00011101
Payload hex                    : 0x4849
Payload bits                   : 01001000 01001001
CRC-32 hex                     : 0xF83DFDA5
CRC-32 bits                    : 11111000 00111101 11111101 10100101
Packet 80 bits                 : 00011010 11001111 11111100 00011101 01001000 01001001 11111000 00111101 11111101 10100101
Fading coefficient H           : 1.000000
จำนวน packet bit errors        : 0
จำนวน payload bit errors       : 0
CRC pass                       : True
ข้อความหลัง demodulation        : 'HI'

symbol | input bits | PPM index | transmitted slots [s0 s1 s2 s3 guard] | received counts | detected index | output bits
     0 | 00         |         0 | [1 0 0 0 0]                         | [100 0 0 0 0] |              0 | 00
     1 | 01         |         1 | [0 1 0 0 0]                         | [0 100 0 0 0] |              1 | 01
     2 | 10         |         2 | [0 0 1 0 0]                         | [0 0 100 0 0] |              2 | 10
     3 | 10         |         2 | [0 0 1 0 0]                         | [0 0 100 0 0] |              2 | 10
     4 | 11         |         3 | [0 0 0 1 0]                         | [0 0 0 100 0] |              3 | 11
     5 | 00         |         0 | [1 0 0 0 0]                         | [100 0 0 0 0] |              0 | 00
     6 | 11         |         3 | [0 0 0 1 0]                         | [0 0 0 100 0] |              3 | 11
     7 | 11         |         3 | [0 0 0 1 0]                         | [0 0 0 100 0] |              3 | 11
     8 | 11         |         3 | [0 0 0 1 0]                         | [0 0 0 100 0] |              3 | 11
     9 | 11         |         3 | [0 0 0 1 0]                         | [0 0 0 100 0] |              3 | 11
    10 | 11         |         3 | [0 0 0 1 0]                         | [0 0 0 100 0] |              3 | 11
    11 | 00         |         0 | [1 0 0 0 0]                         | [100 0 0 0 0] |              0 | 00
    12 | 00         |         0 | [1 0 0 0 0]                         | [100 0 0 0 0] |              0 | 00
    13 | 01         |         1 | [0 1 0 0 0]                         | [0 100 0 0 0] |              1 | 01
    14 | 11         |         3 | [0 0 0 1 0]                         | [0 0 0 100 0] |              3 | 11
    15 | 01         |         1 | [0 1 0 0 0]                         | [0 100 0 0 0] |              1 | 01
    16 | 01         |         1 | [0 1 0 0 0]                         | [0 100 0 0 0] |              1 | 01
    17 | 00         |         0 | [1 0 0 0 0]                         | [100 0 0 0 0] |              0 | 00
    18 | 10         |         2 | [0 0 1 0 0]                         | [0 0 100 0 0] |              2 | 10
    19 | 00         |         0 | [1 0 0 0 0]                         | [100 0 0 0 0] |              0 | 00
    20 | 01         |         1 | [0 1 0 0 0]                         | [0 100 0 0 0] |              1 | 01
    21 | 00         |         0 | [1 0 0 0 0]                         | [100 0 0 0 0] |              0 | 00
    22 | 10         |         2 | [0 0 1 0 0]                         | [0 0 100 0 0] |              2 | 10
    23 | 01         |         1 | [0 1 0 0 0]                         | [0 100 0 0 0] |              1 | 01
    24 | 11         |         3 | [0 0 0 1 0]                         | [0 0 0 100 0] |              3 | 11
    25 | 11         |         3 | [0 0 0 1 0]                         | [0 0 0 100 0] |              3 | 11
    26 | 10         |         2 | [0 0 1 0 0]                         | [0 0 100 0 0] |              2 | 10
    27 | 00         |         0 | [1 0 0 0 0]                         | [100 0 0 0 0] |              0 | 00
    28 | 00         |         0 | [1 0 0 0 0]                         | [100 0 0 0 0] |              0 | 00
    29 | 11         |         3 | [0 0 0 1 0]                         | [0 0 0 100 0] |              3 | 11
    30 | 11         |         3 | [0 0 0 1 0]                         | [0 0 0 100 0] |              3 | 11
    31 | 01         |         1 | [0 1 0 0 0]                         | [0 100 0 0 0] |              1 | 01
    32 | 11         |         3 | [0 0 0 1 0]                         | [0 0 0 100 0] |              3 | 11
    33 | 11         |         3 | [0 0 0 1 0]                         | [0 0 0 100 0] |              3 | 11
    34 | 11         |         3 | [0 0 0 1 0]                         | [0 0 0 100 0] |              3 | 11
    35 | 01         |         1 | [0 1 0 0 0]                         | [0 100 0 0 0] |              1 | 01
    36 | 10         |         2 | [0 0 1 0 0]                         | [0 0 100 0 0] |              2 | 10
    37 | 10         |         2 | [0 0 1 0 0]                         | [0 0 100 0 0] |              2 | 10
    38 | 01         |         1 | [0 1 0 0 0]                         | [0 100 0 0 0] |              1 | 01
    39 | 01         |         1 | [0 1 0 0 0]                         | [0 100 0 0 0] |              1 | 01


CASE: ideal_A_padding
คำอธิบาย: Ideal channel with one 0x00 padding byte
------------------------------------------------------------------------
ข้อความอินพุต                  : 'A'
ASCII bytes                    : 0x41
bytes หลัง padding             : 0x41 0x00
มี padding                     : True
ASM hex                        : 0x1ACFFC1D
ASM bits                       : 00011010 11001111 11111100 00011101
Payload hex                    : 0x4100
Payload bits                   : 01000001 00000000
CRC-32 hex                     : 0xFB29F7EC
CRC-32 bits                    : 11111011 00101001 11110111 11101100
Packet 80 bits                 : 00011010 11001111 11111100 00011101 01000001 00000000 11111011 00101001 11110111 11101100
Fading coefficient H           : 1.000000
จำนวน packet bit errors        : 0
จำนวน payload bit errors       : 0
CRC pass                       : True
ข้อความหลัง demodulation        : 'A'

symbol | input bits | PPM index | transmitted slots [s0 s1 s2 s3 guard] | received counts | detected index | output bits
     0 | 00         |         0 | [1 0 0 0 0]                         | [100 0 0 0 0] |              0 | 00
     1 | 01         |         1 | [0 1 0 0 0]                         | [0 100 0 0 0] |              1 | 01
     2 | 10         |         2 | [0 0 1 0 0]                         | [0 0 100 0 0] |              2 | 10
     3 | 10         |         2 | [0 0 1 0 0]                         | [0 0 100 0 0] |              2 | 10
     4 | 11         |         3 | [0 0 0 1 0]                         | [0 0 0 100 0] |              3 | 11
     5 | 00         |         0 | [1 0 0 0 0]                         | [100 0 0 0 0] |              0 | 00
     6 | 11         |         3 | [0 0 0 1 0]                         | [0 0 0 100 0] |              3 | 11
     7 | 11         |         3 | [0 0 0 1 0]                         | [0 0 0 100 0] |              3 | 11
     8 | 11         |         3 | [0 0 0 1 0]                         | [0 0 0 100 0] |              3 | 11
     9 | 11         |         3 | [0 0 0 1 0]                         | [0 0 0 100 0] |              3 | 11
    10 | 11         |         3 | [0 0 0 1 0]                         | [0 0 0 100 0] |              3 | 11
    11 | 00         |         0 | [1 0 0 0 0]                         | [100 0 0 0 0] |              0 | 00
    12 | 00         |         0 | [1 0 0 0 0]                         | [100 0 0 0 0] |              0 | 00
    13 | 01         |         1 | [0 1 0 0 0]                         | [0 100 0 0 0] |              1 | 01
    14 | 11         |         3 | [0 0 0 1 0]                         | [0 0 0 100 0] |              3 | 11
    15 | 01         |         1 | [0 1 0 0 0]                         | [0 100 0 0 0] |              1 | 01
    16 | 01         |         1 | [0 1 0 0 0]                         | [0 100 0 0 0] |              1 | 01
    17 | 00         |         0 | [1 0 0 0 0]                         | [100 0 0 0 0] |              0 | 00
    18 | 00         |         0 | [1 0 0 0 0]                         | [100 0 0 0 0] |              0 | 00
    19 | 01         |         1 | [0 1 0 0 0]                         | [0 100 0 0 0] |              1 | 01
    20 | 00         |         0 | [1 0 0 0 0]                         | [100 0 0 0 0] |              0 | 00
    21 | 00         |         0 | [1 0 0 0 0]                         | [100 0 0 0 0] |              0 | 00
    22 | 00         |         0 | [1 0 0 0 0]                         | [100 0 0 0 0] |              0 | 00
    23 | 00         |         0 | [1 0 0 0 0]                         | [100 0 0 0 0] |              0 | 00
    24 | 11         |         3 | [0 0 0 1 0]                         | [0 0 0 100 0] |              3 | 11
    25 | 11         |         3 | [0 0 0 1 0]                         | [0 0 0 100 0] |              3 | 11
    26 | 10         |         2 | [0 0 1 0 0]                         | [0 0 100 0 0] |              2 | 10
    27 | 11         |         3 | [0 0 0 1 0]                         | [0 0 0 100 0] |              3 | 11
    28 | 00         |         0 | [1 0 0 0 0]                         | [100 0 0 0 0] |              0 | 00
    29 | 10         |         2 | [0 0 1 0 0]                         | [0 0 100 0 0] |              2 | 10
    30 | 10         |         2 | [0 0 1 0 0]                         | [0 0 100 0 0] |              2 | 10
    31 | 01         |         1 | [0 1 0 0 0]                         | [0 100 0 0 0] |              1 | 01
    32 | 11         |         3 | [0 0 0 1 0]                         | [0 0 0 100 0] |              3 | 11
    33 | 11         |         3 | [0 0 0 1 0]                         | [0 0 0 100 0] |              3 | 11
    34 | 01         |         1 | [0 1 0 0 0]                         | [0 100 0 0 0] |              1 | 01
    35 | 11         |         3 | [0 0 0 1 0]                         | [0 0 0 100 0] |              3 | 11
    36 | 11         |         3 | [0 0 0 1 0]                         | [0 0 0 100 0] |              3 | 11
    37 | 10         |         2 | [0 0 1 0 0]                         | [0 0 100 0 0] |              2 | 10
    38 | 11         |         3 | [0 0 0 1 0]                         | [0 0 0 100 0] |              3 | 11
    39 | 00         |         0 | [1 0 0 0 0]                         | [100 0 0 0 0] |              0 | 00


CASE: low_noise_HI
คำอธิบาย: Poisson: Ns=20, Nb=0.01, no turbulence
------------------------------------------------------------------------
ข้อความอินพุต                  : 'HI'
ASCII bytes                    : 0x48 0x49
bytes หลัง padding             : 0x48 0x49
มี padding                     : False
ASM hex                        : 0x1ACFFC1D
ASM bits                       : 00011010 11001111 11111100 00011101
Payload hex                    : 0x4849
Payload bits                   : 01001000 01001001
CRC-32 hex                     : 0xF83DFDA5
CRC-32 bits                    : 11111000 00111101 11111101 10100101
Packet 80 bits                 : 00011010 11001111 11111100 00011101 01001000 01001001 11111000 00111101 11111101 10100101
Fading coefficient H           : 1.000000
จำนวน packet bit errors        : 0
จำนวน payload bit errors       : 0
CRC pass                       : True
ข้อความหลัง demodulation        : 'HI'

symbol | input bits | PPM index | transmitted slots [s0 s1 s2 s3 guard] | received counts | detected index | output bits
     0 | 00         |         0 | [1 0 0 0 0]                         | [27 0 0 0 0] |              0 | 00
     1 | 01         |         1 | [0 1 0 0 0]                         | [0 14 0 0 0] |              1 | 01
     2 | 10         |         2 | [0 0 1 0 0]                         | [0 0 13 0 0] |              2 | 10
     3 | 10         |         2 | [0 0 1 0 0]                         | [0 0 19 0 0] |              2 | 10
     4 | 11         |         3 | [0 0 0 1 0]                         | [0 0 0 22 0] |              3 | 11
     5 | 00         |         0 | [1 0 0 0 0]                         | [21 0 0 0 0] |              0 | 00
     6 | 11         |         3 | [0 0 0 1 0]                         | [0 0 0 24 0] |              3 | 11
     7 | 11         |         3 | [0 0 0 1 0]                         | [0 0 0 26 0] |              3 | 11
     8 | 11         |         3 | [0 0 0 1 0]                         | [0 0 0 21 0] |              3 | 11
     9 | 11         |         3 | [0 0 0 1 0]                         | [0 0 0 20 0] |              3 | 11
    10 | 11         |         3 | [0 0 0 1 0]                         | [0 0 0 26 0] |              3 | 11
    11 | 00         |         0 | [1 0 0 0 0]                         | [20 0 0 0 0] |              0 | 00
    12 | 00         |         0 | [1 0 0 0 0]                         | [24 0 0 0 0] |              0 | 00
    13 | 01         |         1 | [0 1 0 0 0]                         | [0 12 0 0 0] |              1 | 01
    14 | 11         |         3 | [0 0 0 1 0]                         | [0 0 0 21 0] |              3 | 11
    15 | 01         |         1 | [0 1 0 0 0]                         | [0 17 0 0 0] |              1 | 01
    16 | 01         |         1 | [0 1 0 0 0]                         | [0 23 0 0 0] |              1 | 01
    17 | 00         |         0 | [1 0 0 0 0]                         | [22 0 0 0 0] |              0 | 00
    18 | 10         |         2 | [0 0 1 0 0]                         | [0 0 20 0 0] |              2 | 10
    19 | 00         |         0 | [1 0 0 0 0]                         | [23 0 0 0 0] |              0 | 00
    20 | 01         |         1 | [0 1 0 0 0]                         | [0 24 0 0 0] |              1 | 01
    21 | 00         |         0 | [1 0 0 0 0]                         | [20 0 0 0 0] |              0 | 00
    22 | 10         |         2 | [0 0 1 0 0]                         | [0 0 10 0 0] |              2 | 10
    23 | 01         |         1 | [0 1 0 0 0]                         | [1 21 0 0 0] |              1 | 01
    24 | 11         |         3 | [0 0 0 1 0]                         | [0 0 0 20 0] |              3 | 11
    25 | 11         |         3 | [0 0 0 1 0]                         | [0 0 0 17 0] |              3 | 11
    26 | 10         |         2 | [0 0 1 0 0]                         | [0 0 15 0 0] |              2 | 10
    27 | 00         |         0 | [1 0 0 0 0]                         | [23 0 0 0 0] |              0 | 00
    28 | 00         |         0 | [1 0 0 0 0]                         | [17 0 0 0 0] |              0 | 00
    29 | 11         |         3 | [0 0 0 1 0]                         | [0 0 0 21 0] |              3 | 11
    30 | 11         |         3 | [0 0 0 1 0]                         | [0 0 0 16 0] |              3 | 11
    31 | 01         |         1 | [0 1 0 0 0]                         | [0 14 0 0 0] |              1 | 01
    32 | 11         |         3 | [0 0 0 1 0]                         | [0 0 0 19 0] |              3 | 11
    33 | 11         |         3 | [0 0 0 1 0]                         | [0 0 0 32 0] |              3 | 11
    34 | 11         |         3 | [0 0 0 1 0]                         | [0 0 0 19 0] |              3 | 11
    35 | 01         |         1 | [0 1 0 0 0]                         | [0 20 0 0 0] |              1 | 01
    36 | 10         |         2 | [0 0 1 0 0]                         | [0 0 19 0 0] |              2 | 10
    37 | 10         |         2 | [0 0 1 0 0]                         | [0 0 20 0 0] |              2 | 10
    38 | 01         |         1 | [0 1 0 0 0]                         | [0 26 0 0 0] |              1 | 01
    39 | 01         |         1 | [0 1 0 0 0]                         | [0 21 0 0 0] |              1 | 01


CASE: normal_HI
คำอธิบาย: Poisson: Ns=5, Nb=0.1, sigma_ln=0.4
------------------------------------------------------------------------
ข้อความอินพุต                  : 'HI'
ASCII bytes                    : 0x48 0x49
bytes หลัง padding             : 0x48 0x49
มี padding                     : False
ASM hex                        : 0x1ACFFC1D
ASM bits                       : 00011010 11001111 11111100 00011101
Payload hex                    : 0x4849
Payload bits                   : 01001000 01001001
CRC-32 hex                     : 0xF83DFDA5
CRC-32 bits                    : 11111000 00111101 11111101 10100101
Packet 80 bits                 : 00011010 11001111 11111100 00011101 01001000 01001001 11111000 00111101 11111101 10100101
Fading coefficient H           : 0.831980
จำนวน packet bit errors        : 4
จำนวน payload bit errors       : 1
CRC pass                       : False
ข้อความหลัง demodulation        : 'HH'

symbol | input bits | PPM index | transmitted slots [s0 s1 s2 s3 guard] | received counts | detected index | output bits
     0 | 00         |         0 | [1 0 0 0 0]                         | [5 0 0 0 0] |              0 | 00
     1 | 01         |         1 | [0 1 0 0 0]                         | [0 7 0 0 0] |              1 | 01
     2 | 10         |         2 | [0 0 1 0 0]                         | [0 0 9 1 0] |              2 | 10
     3 | 10         |         2 | [0 0 1 0 0]                         | [0 0 4 0 0] |              2 | 10
     4 | 11         |         3 | [0 0 0 1 0]                         | [0 0 1 8 1] |              3 | 11
     5 | 00         |         0 | [1 0 0 0 0]                         | [3 0 0 0 0] |              0 | 00
     6 | 11         |         3 | [0 0 0 1 0]                         | [0 0 0 6 0] |              3 | 11
     7 | 11         |         3 | [0 0 0 1 0]                         | [0 0 0 5 0] |              3 | 11
     8 | 11         |         3 | [0 0 0 1 0]                         | [0 0 1 5 0] |              3 | 11
     9 | 11         |         3 | [0 0 0 1 0]                         | [0 0 0 4 0] |              3 | 11
    10 | 11         |         3 | [0 0 0 1 0]                         | [0 0 0 2 0] |              3 | 11
    11 | 00         |         0 | [1 0 0 0 0]                         | [6 0 0 0 0] |              0 | 00
    12 | 00         |         0 | [1 0 0 0 0]                         | [2 0 0 0 0] |              0 | 00
    13 | 01         |         1 | [0 1 0 0 0]                         | [0 4 0 0 0] |              1 | 01
    14 | 11         |         3 | [0 0 0 1 0]                         | [0 0 1 3 0] |              3 | 11
    15 | 01         |         1 | [0 1 0 0 0]                         | [0 8 0 1 0] |              1 | 01
    16 | 01         |         1 | [0 1 0 0 0]                         | [0 3 0 0 0] |              1 | 01
    17 | 00         |         0 | [1 0 0 0 0]                         | [4 0 0 0 0] |              0 | 00
    18 | 10         |         2 | [0 0 1 0 0]                         | [0 1 3 0 1] |              2 | 10
    19 | 00         |         0 | [1 0 0 0 0]                         | [5 0 0 0 0] |              0 | 00
    20 | 01         |         1 | [0 1 0 0 0]                         | [0 2 0 1 0] |              1 | 01
    21 | 00         |         0 | [1 0 0 0 0]                         | [3 0 0 0 0] |              0 | 00
    22 | 10         |         2 | [0 0 1 0 0]                         | [0 0 1 0 0] |              2 | 10
    23 | 01         |         1 | [0 1 0 0 0]                         | [1 0 0 1 1] |              0 | 00
    24 | 11         |         3 | [0 0 0 1 0]                         | [0 0 0 2 0] |              3 | 11
    25 | 11         |         3 | [0 0 0 1 0]                         | [0 0 0 5 0] |              3 | 11
    26 | 10         |         2 | [0 0 1 0 0]                         | [0 0 6 0 0] |              2 | 10
    27 | 00         |         0 | [1 0 0 0 0]                         | [3 1 0 0 0] |              0 | 00
    28 | 00         |         0 | [1 0 0 0 0]                         | [3 0 1 0 0] |              0 | 00
    29 | 11         |         3 | [0 0 0 1 0]                         | [1 0 0 8 0] |              3 | 11
    30 | 11         |         3 | [0 0 0 1 0]                         | [0 0 0 6 0] |              3 | 11
    31 | 01         |         1 | [0 1 0 0 0]                         | [1 1 0 0 1] |              0 | 00
    32 | 11         |         3 | [0 0 0 1 0]                         | [0 0 0 5 0] |              3 | 11
    33 | 11         |         3 | [0 0 0 1 0]                         | [0 0 0 6 0] |              3 | 11
    34 | 11         |         3 | [0 0 0 1 0]                         | [0 0 0 4 0] |              3 | 11
    35 | 01         |         1 | [0 1 0 0 0]                         | [0 1 1 0 0] |              2 | 10
    36 | 10         |         2 | [0 0 1 0 0]                         | [0 0 1 0 0] |              2 | 10
    37 | 10         |         2 | [0 0 1 0 0]                         | [0 0 4 0 0] |              2 | 10
    38 | 01         |         1 | [0 1 0 0 0]                         | [1 5 0 0 0] |              1 | 01
    39 | 01         |         1 | [0 1 0 0 0]                         | [0 1 0 0 1] |              1 | 01

